
N = 2
n = 0
tf = 1000000
dt = 10
epsilon = 1e3
s = 0.9
sampling = 10
adaptive = 0
rho_0 = 0  
R_T   = 6.371e6     
lambda = 8000       
Cx = 2.0            
L = 0
r = 0
kappa = 0
d = 0
  
m0 = 5.972e24    
m1 =  7.3477e22        

S0 = 0
S1 = 0

R0 = 6.371e6
R1 = 1.737e6


Cx0 = 0
Cx1 = 0

N_excit = 0
nsteps_per = 0

x0 = -4676244.537196982
y0 = 0
vx0 = 0
vy0 = -12.446322365014593

x1 = 380071755.462803
y1 = 0
vx1 = 0
vy1 = 1011.6014149171461


output = output.txt